2865.13 
5618.69 
5618.69 
11018.6 
237.382 
465.52 
2779.88 
5549.48 
5549.48 
11078.4 
281.137 
561.234 
2965.33 
5700.25 
5700.25 
10957.6 
273.392 
525.539 
2943.35 
5642.18 
5642.18 
10815.6 
223.098 
427.662 
2879.98 
5647.7 
5647.7 
11075.3 
215.896 
423.376 
2849.45 
5554.8 
5554.8 
10828.7 
257.39 
501.764 
2912.93 
5671.28 
5671.28 
11041.6 
314.209 
611.743 
2946.57 
5697.36 
5697.36 
11016.2 
227.294 
439.486 
2906.03 
5646.37 
5646.37 
10970.8 
289.745 
562.972 
2960.16 
5735.44 
5735.44 
11112.7 
245.9 
476.441 
